1341846226.817920 0.000000000 0.000000000 0.000000000 0.000000000 0.000000000 0.000000000 1.000000000
1341846226.850323 0.005513581 -0.000559935 0.003994444 0.000813323 -0.000849776 -0.001562535 0.999998093
1341846226.881894 0.003567340 0.001140649 0.000794084 0.001323671 0.000934153 -0.003020331 0.999994159
1341846226.917980 -0.001542626 0.000135894 0.000842688 0.000359090 0.000469673 -0.002937554 0.999995530
1341846226.950000 -0.005646264 -0.008921176 0.003652263 0.000185092 -0.001037063 -0.003066345 0.999994755
1341846226.985981 -0.004497617 -0.006536714 0.001125272 0.002330204 -0.001881168 -0.003474340 0.999989510
1341846227.017919 -0.004527037 -0.002332385 0.000164362 0.002514357 -0.002574510 -0.003909383 0.999985874
1341846227.050040 -0.002018078 -0.005528585 0.003045726 0.001970815 -0.003540236 -0.004704391 0.999980748
1341846227.085982 0.001270627 -0.005655098 0.002449660 0.002673131 -0.003814918 -0.004973096 0.999976754
1341846227.118052 0.004071201 -0.001272487 0.004983747 0.003630580 -0.004143711 -0.004809508 0.999973238
1341846227.149935 0.006037361 -0.000263955 0.005608904 0.004396702 -0.004806078 -0.004812754 0.999967217
1341846227.186053 0.004127178 0.003555585 0.002051036 0.004696635 -0.005647043 -0.005385990 0.999958515
1341846227.218443 0.004387801 -0.000354211 0.005701226 0.003045491 -0.006028217 -0.007164456 0.999951541
1341846227.253944 0.009437323 -0.005057493 0.007826042 0.003596156 -0.006321688 -0.008901742 0.999933898
1341846227.285981 0.005522519 -0.002370517 0.003372492 0.005286430 -0.006248743 -0.010006786 0.999916434
1341846227.320064 0.004828840 -0.003868623 0.002733410 0.005130720 -0.007823928 -0.011121781 0.999894381
1341846227.353969 -0.003876086 -0.004440577 0.001665560 0.005363531 -0.008360149 -0.013838438 0.999854922
1341846227.385846 -0.004182268 -0.002411957 -0.003291957 0.005038436 -0.010528510 -0.015547885 0.999810994
1341846227.418015 -0.001477839 0.003778084 0.000202378 0.004308508 -0.014576402 -0.016312767 0.999751389
1341846227.453997 0.001910987 0.001007802 0.002721724 0.002624978 -0.017774358 -0.019708887 0.999644339
1341846227.485981 0.004957219 -0.001444984 0.004694743 0.001662687 -0.019209845 -0.022517795 0.999560475
1341846227.521976 0.002746908 -0.003306867 0.005051463 0.001470058 -0.020361723 -0.022883365 0.999529719
1341846227.553980 0.003609605 -0.006267742 0.005742359 0.002720889 -0.023000658 -0.023514055 0.999455154
1341846227.586047 0.000028972 -0.008988229 0.001245414 0.003739031 -0.022693597 -0.028006192 0.999343097
1341846227.622081 0.011908294 -0.000682325 0.002167629 0.004494176 -0.023650395 -0.030392574 0.999248087
1341846227.653945 -0.000810319 -0.011893341 0.002370568 0.002872436 -0.021934483 -0.032851957 0.999215364
1341846227.686038 0.001173208 -0.022655448 0.003756066 0.004497583 -0.023248503 -0.033030454 0.999173760
1341846227.721966 0.006895278 -0.015887087 0.008455034 0.007911447 -0.021610765 -0.034384090 0.999143660
1341846227.754130 0.017277094 -0.011743584 0.008902258 0.009491526 -0.020599609 -0.031267840 0.999253690
1341846227.789951 0.019499639 -0.011536216 0.008377331 0.010954053 -0.019088553 -0.029636702 0.999318421
1341846227.821920 0.012912822 -0.013562568 0.006248255 0.011094243 -0.016282566 -0.030574324 0.999338269
1341846227.854275 0.013392335 -0.015455670 0.006889390 0.011095894 -0.014352635 -0.030219773 0.999378622
1341846227.889935 0.022014242 -0.011161030 0.016285239 0.012031524 -0.013830218 -0.028421221 0.999427974
1341846227.921967 0.019767789 -0.011180076 0.017035758 0.012076084 -0.012533332 -0.027343063 0.999474585
1341846227.958123 0.015187436 -0.010989414 0.006184897 0.012344020 -0.010238730 -0.029647317 0.999431729
1341846227.989985 0.013022786 -0.009099849 0.005548710 0.011620170 -0.007557820 -0.031242387 0.999415696
1341846228.021937 0.021968024 -0.017627750 0.017152663 0.010576476 -0.008457744 -0.028642269 0.999498010
1341846228.058222 0.015120567 -0.026261140 0.010405783 0.011940714 -0.007180095 -0.028405044 0.999499381
1341846228.090097 0.034066085 -0.007567442 0.009177623 0.014165753 -0.008687462 -0.027442804 0.999485254
1341846228.121845 0.034473255 -0.006559875 0.012156203 0.011054583 -0.006751015 -0.026244877 0.999571621
1341846228.157875 0.029848384 -0.008347104 0.009498987 0.008595381 -0.006217307 -0.022503983 0.999690473
1341846228.189872 0.030569460 -0.006946304 0.007833459 0.006481167 -0.006803669 -0.021572806 0.999723136
1341846228.225994 0.028477071 -0.012862399 0.013857670 0.003729382 -0.006522390 -0.022425985 0.999720275
1341846228.258336 0.028679382 -0.016465349 0.013846393 0.003895585 -0.007199002 -0.022573076 0.999711692
1341846228.289941 0.029704634 -0.017872443 0.013979740 0.004493825 -0.007778601 -0.022105511 0.999715269
1341846228.326018 0.036407746 -0.017004309 0.015665036 0.005097878 -0.008000433 -0.022034593 0.999712169
1341846228.358243 0.037308671 -0.013035206 0.015892191 0.006091485 -0.006393120 -0.021306423 0.999733984
1341846228.389779 0.031071894 -0.019912316 0.011743356 0.004582203 -0.004919037 -0.020662140 0.999763906
1341846228.426073 0.037558943 -0.022355985 0.014746271 0.004800340 -0.005165539 -0.020813968 0.999758482
1341846228.493915 0.034072030 -0.013981035 0.007291816 0.006245645 -0.002326134 -0.019650159 0.999784708
1341846228.525907 0.029186916 -0.016631823 0.007016855 0.005076794 -0.002106007 -0.020124575 0.999782383
1341846228.558208 0.034937151 -0.021309614 0.004506357 0.004727935 -0.002379721 -0.019403448 0.999797702
1341846228.593899 0.030288503 -0.023196261 0.005759974 0.004801604 -0.001279187 -0.018592898 0.999814749
1341846228.626021 0.024742438 -0.019234253 0.006342887 0.005230138 -0.002009529 -0.017525233 0.999830723
1341846228.658069 0.032172021 -0.023814440 0.001940385 0.003582448 -0.004185914 -0.017299753 0.999835134
1341846228.693942 0.037672594 -0.026029397 0.002450949 0.002518563 -0.004340639 -0.017805811 0.999828875
1341846228.726069 0.034699161 -0.021316323 0.006877601 0.002516149 -0.002539593 -0.018102046 0.999829769
1341846228.762090 0.030428588 -0.023192929 0.002425460 0.002039216 -0.001819320 -0.016148420 0.999865830
1341846228.794000 0.033985648 -0.025249626 0.005721043 0.002916360 -0.002935763 -0.014920653 0.999880135
1341846228.825934 0.036629893 -0.023490280 0.004201953 0.004007665 -0.002600316 -0.014021694 0.999890268
1341846228.862015 0.033475786 -0.023091851 0.002596735 0.004169844 -0.002239363 -0.012555154 0.999909937
1341846228.893856 0.034483064 -0.018668411 0.002116747 0.004955568 -0.003808822 -0.011428621 0.999915183
1341846228.926548 0.038627218 -0.016683852 0.005511882 0.005402876 -0.004471187 -0.011896215 0.999904633
1341846228.961940 0.039205227 -0.015386258 0.003811753 0.005188724 -0.003765637 -0.011860865 0.999909103
1341846228.994040 0.037713807 -0.011875882 0.004374264 0.004579273 -0.003420755 -0.011302756 0.999919772
1341846229.029897 0.040214639 -0.017804835 0.010933436 0.003963742 -0.003991545 -0.010901841 0.999924719
1341846229.061870 0.039732274 -0.021820102 -0.000739854 0.004667833 -0.003446998 -0.011259873 0.999919772
1341846229.094829 0.039378755 -0.015233589 -0.000100172 0.005804942 -0.002837017 -0.009621199 0.999932826
1341846229.129930 0.042514123 -0.021330867 -0.001138418 0.004270923 -0.002701277 -0.009225792 0.999944627
1341846229.161882 0.045763165 -0.024855951 -0.000769369 0.003297525 -0.002635241 -0.010215177 0.999938905
1341846229.197882 0.043153197 -0.024053745 -0.006279615 0.003931621 -0.002304384 -0.009924257 0.999940395
1341846229.229812 0.042107046 -0.025974901 -0.006329813 0.004887618 -0.002844983 -0.009557357 0.999938369
1341846229.261994 0.039321113 -0.026073804 -0.009697610 0.005996863 -0.002785159 -0.010524079 0.999922812
1341846229.297920 0.040478650 -0.021982843 -0.012783910 0.006638116 -0.003117074 -0.011529430 0.999906659
1341846229.329933 0.039991096 -0.020883560 -0.012973977 0.006760923 -0.003977058 -0.011796299 0.999899685
1341846229.361996 0.036972847 -0.025165079 -0.000068406 0.006144606 -0.004094349 -0.010944538 0.999912858
1341846229.398029 0.037393693 -0.035350803 -0.000256446 0.007044872 -0.003706441 -0.011123869 0.999906421
1341846229.430182 0.035615869 -0.030356897 -0.002348236 0.010274910 -0.003792335 -0.010520567 0.999884665
1341846229.471963 0.036189433 -0.026841279 -0.000802153 0.011633591 -0.004101536 -0.010378334 0.999870062
1341846229.530149 0.045184039 -0.021554012 -0.013823592 0.014051924 -0.003954987 -0.007760623 0.999863327
1341846229.566064 0.043539755 -0.026366953 -0.012380262 0.013613118 -0.003893573 -0.006876669 0.999876082
1341846229.630063 0.040334459 -0.030298978 -0.014198088 0.016315937 -0.001078891 -0.003936612 0.999858558
1341846229.665946 0.042884223 -0.025496317 -0.016407458 0.016450332 -0.001110045 -0.002681878 0.999860466
1341846229.698150 0.044898540 -0.033733703 -0.012304872 0.016376691 -0.001164519 -0.001754090 0.999863684
1341846229.733828 0.045600411 -0.035128247 -0.010690790 0.019360289 0.000393508 -0.001110122 0.999811828
1341846229.765937 0.043869406 -0.031066814 -0.017708968 0.020106096 0.002080981 -0.001340815 0.999794781
1341846229.798002 0.037559472 -0.026674354 -0.018034926 0.018972084 0.002887764 -0.002130074 0.999813557
1341846229.833857 0.041219410 -0.031662259 -0.014525138 0.018302700 0.002563809 -0.002348100 0.999826431
1341846229.865928 0.040846474 -0.033700049 -0.017061418 0.019633606 0.003749507 -0.002798627 0.999796271
1341846229.897926 0.044000387 -0.022321004 -0.016055979 0.020731531 0.003645710 -0.002874669 0.999774277
1341846229.939857 0.041634236 -0.022048851 -0.017323121 0.018849807 0.004087808 -0.003749082 0.999806941
1341846230.002061 0.040509213 -0.023443775 -0.020387320 0.015628396 0.005474292 -0.004474879 0.999852836
1341846230.033858 0.037512541 -0.024945393 -0.018331073 0.012796383 0.005448905 -0.005607304 0.999887526
1341846230.065938 0.049242325 -0.025232991 -0.008015620 0.012679925 0.004081657 -0.002685121 0.999907672
1341846230.103878 0.045227472 -0.024448881 -0.010919903 0.012645494 0.005536054 -0.002500152 0.999901593
1341846230.144719 0.047570750 -0.020252772 -0.012657465 0.012277956 0.005254996 -0.002513898 0.999907613
1341846230.172747 0.049412884 -0.025274213 -0.006771526 0.011316323 0.005398081 -0.001049340 0.999920845
1341846230.208544 0.038204957 -0.030267991 -0.020482741 0.011202782 0.008137334 -0.000311005 0.999904096
1341846230.271971 0.036928423 -0.028377207 -0.016064864 0.010364412 0.007947724 -0.002110276 0.999912441
1341846230.334051 0.045036931 -0.029609676 -0.020943200 0.014551585 0.007485158 0.002362483 0.999863327
1341846230.370031 0.041475158 -0.030986844 -0.016874619 0.016146764 0.008875216 -0.001200089 0.999829531
1341846230.401932 0.043637149 -0.032398079 -0.021738600 0.018004619 0.009754996 -0.000253015 0.999790251
1341846230.437965 0.026553122 -0.034549829 -0.000486933 0.019420132 0.012282436 -0.003579380 0.999729574
1341846230.469920 0.040659741 -0.020577503 -0.009604739 0.022723420 0.010751843 -0.002667307 0.999680400
1341846230.501933 0.043578312 -0.013842687 -0.016657345 0.023412678 0.010454052 -0.003566031 0.999664843
1341846230.537834 0.036750522 -0.015764020 -0.010521774 0.022567892 0.010908814 -0.004755878 0.999674499
1341846230.569803 0.027104175 -0.031538133 0.003567209 0.021971436 0.011857114 -0.005413481 0.999673605
1341846230.601945 0.049899459 -0.026430065 -0.012089361 0.024261935 0.007749042 -0.002323367 0.999672890
1341846230.637789 0.046534069 -0.023226252 -0.010722794 0.026047129 0.007670075 -0.001682274 0.999629855
1341846230.670057 0.043334205 -0.019993298 -0.015403477 0.025725210 0.007749416 -0.003228498 0.999633789
1341846230.705937 0.044888806 -0.023851946 -0.014337211 0.024163386 0.006868544 -0.004084240 0.999676108
1341846230.737932 0.042943954 -0.024218932 -0.004957241 0.025167430 0.006904115 -0.004032255 0.999651253
1341846230.769960 0.044148888 -0.023235507 -0.011492021 0.026253816 0.006403357 -0.002757122 0.999630988
1341846230.805852 0.046672378 -0.019065613 -0.013805457 0.027079834 0.005647142 -0.002343046 0.999614596
1341846230.837804 0.046948869 -0.021982275 -0.009388314 0.026910977 0.005144320 -0.002883701 0.999620438
1341846230.869829 0.046806958 -0.021065813 -0.006459784 0.028069127 0.005504976 -0.002488084 0.999587715
1341846230.905851 0.042947851 -0.020341069 -0.014202349 0.028530423 0.005952187 -0.002375027 0.999572396
1341846230.937917 0.048743837 -0.018837176 -0.007590367 0.028771028 0.003692875 -0.002566815 0.999575913
1341846230.973933 0.048481528 -0.022191959 -0.006546710 0.028888483 0.003333542 -0.002678010 0.999573469
1341846231.006047 0.050946441 -0.026304845 -0.003956562 0.029602272 0.003187569 -0.002047560 0.999554574
1341846231.037936 0.046392221 -0.021439411 -0.004727202 0.030372575 0.003117166 -0.002469426 0.999530733
1341846231.074310 0.049473070 -0.020754062 -0.004381563 0.030392235 0.002273870 -0.003045655 0.999530852
1341846231.106085 0.050944868 -0.027774498 -0.004031792 0.030726502 0.001615490 -0.002215168 0.999524057
1341846231.138083 0.047050044 -0.026154947 -0.007361452 0.031796854 0.001565203 -0.002152915 0.999490798
1341846231.174011 0.046241153 -0.021862449 -0.007611910 0.032512240 0.001224383 -0.002721994 0.999466896
1341846231.205909 0.048599586 -0.026914008 -0.005843946 0.032533582 0.000834473 -0.003319034 0.999464810
1341846231.241869 0.049096871 -0.024316268 -0.006052882 0.034141686 0.000896610 -0.002728630 0.999412835
1341846231.273832 0.050328571 -0.024522994 -0.005838724 0.034331240 0.000408518 -0.003061771 0.999405742
1341846231.305846 0.046644077 -0.027449207 -0.007514653 0.034954634 0.000681448 -0.002980627 0.999384224
1341846231.341923 0.048784681 -0.021094881 -0.010449508 0.035818819 -0.000023953 -0.002871586 0.999354184
1341846231.410022 0.042679008 -0.025289267 -0.015061302 0.032557961 0.000713459 -0.004664953 0.999458730
1341846231.442103 0.041737869 -0.023597881 -0.013741692 0.032867044 0.000452557 -0.003444541 0.999453664
1341846231.484245 0.041432917 -0.023867367 -0.015534841 0.032843091 -0.000455968 -0.002653492 0.999456882
1341846231.516816 0.046394832 -0.021209130 -0.016436469 0.032128204 -0.001280009 -0.003355293 0.999477327
1341846231.547853 0.046094500 -0.017753672 -0.021661336 0.030780362 0.000117411 -0.005698747 0.999509931
1341846231.583898 0.043461449 -0.014629371 -0.019960934 0.028193455 0.002181752 -0.008185068 0.999566615
1341846231.615993 0.045992121 -0.033419274 -0.017332071 0.024057237 0.003590487 -0.010326589 0.999650776
1341846231.648015 0.039016034 -0.044809941 -0.015399901 0.024000177 0.004416279 -0.012122727 0.999628663
1341846231.683822 0.044131529 -0.050774332 -0.013658876 0.028303957 0.001901865 -0.012032909 0.999525130
1341846231.716153 0.038628634 -0.044340674 -0.008640262 0.035580378 0.001788304 -0.012475981 0.999287307
1341846231.747846 0.039059062 -0.038440369 -0.017859338 0.040319309 0.000051660 -0.012622696 0.999107122
1341846231.783993 0.042586189 -0.028885156 -0.016945727 0.042208441 -0.001275952 -0.013628525 0.999015033
1341846231.817027 0.042816244 -0.025541021 -0.016036017 0.042388875 -0.001288282 -0.013218309 0.999012947
1341846231.852317 0.040430106 -0.025581347 -0.019441506 0.041661382 -0.001441969 -0.012859563 0.999047995
1341846231.909867 0.042863026 -0.030694259 -0.016703475 0.037185818 -0.003962708 -0.010445829 0.999245942
1341846231.945837 0.042461433 -0.031181948 -0.014506316 0.036992382 -0.004613888 -0.009715628 0.999257684
1341846231.978027 0.042513646 -0.030712407 -0.016131949 0.036870632 -0.004854893 -0.010325796 0.999254882
1341846232.009966 0.040793542 -0.026527572 -0.017580038 0.035999775 -0.005087025 -0.009886204 0.999289930
1341846232.045845 0.040600829 -0.027681682 -0.016279044 0.035542786 -0.006454931 -0.008477988 0.999311388
1341846232.077961 0.042368665 -0.028354621 -0.015000677 0.035909411 -0.007928196 -0.007151240 0.999298036
1341846232.109864 0.049515519 -0.031502139 -0.017131710 0.035394955 -0.009282260 -0.007325998 0.999303460
1341846232.145999 0.046767794 -0.025602695 -0.018097080 0.035894200 -0.008564096 -0.008744927 0.999280632
1341846232.178314 0.047966193 -0.027622625 -0.017328776 0.035059974 -0.008563126 -0.008533867 0.999312103
1341846232.215951 0.048134252 -0.027387487 -0.018096849 0.035727859 -0.008353347 -0.008284236 0.999292314
1341846232.252037 0.047794543 -0.032264944 -0.013894661 0.036084987 -0.008196007 -0.007398297 0.999287724
1341846232.283944 0.045564286 -0.031582303 -0.019182144 0.036537375 -0.008286946 -0.005511232 0.999282718
1341846232.319867 0.047921706 -0.032417867 -0.013845961 0.036038477 -0.008019897 -0.004763078 0.999306858
1341846232.351854 0.047227886 -0.031781077 -0.015701514 0.034293626 -0.007552698 -0.005768214 0.999366641
1341846232.383877 0.047961578 -0.032377400 -0.014139205 0.031954546 -0.007645958 -0.008182895 0.999426603
1341846232.419782 0.048307788 -0.034131564 -0.010038176 0.031200361 -0.008622784 -0.009277663 0.999432862
1341846232.451780 0.046868540 -0.033001155 -0.014636061 0.032600235 -0.008896641 -0.009318615 0.999385417
1341846232.484170 0.049955461 -0.034128111 -0.008153859 0.033594664 -0.008738770 -0.009670358 0.999350488
1341846232.519889 0.052196912 -0.031078573 -0.012731116 0.034792911 -0.009331811 -0.008745282 0.999312699
1341846232.551877 0.050925933 -0.030610768 -0.015997635 0.035282087 -0.009546993 -0.009040015 0.999290884
1341846232.583846 0.049941316 -0.030433547 -0.017945163 0.036711045 -0.009051977 -0.009031155 0.999244153
1341846232.619798 0.055420484 -0.034214769 -0.007786012 0.038148552 -0.009108789 -0.008065982 0.999198020
1341846232.651799 0.054898165 -0.034431566 -0.008838627 0.039139014 -0.008760821 -0.008057211 0.999162853
1341846232.688092 0.055117372 -0.035964083 -0.009424654 0.040580887 -0.008312908 -0.008045371 0.999109268
1341846232.719804 0.053282440 -0.034672391 -0.013399722 0.042872503 -0.007420066 -0.009307696 0.999009669
1341846232.751767 0.053418145 -0.034557357 -0.013395790 0.044518340 -0.006452998 -0.009821939 0.998939395
1341846232.787894 0.054030988 -0.034882832 -0.011684396 0.046395399 -0.005679365 -0.011367372 0.998842299
1341846232.819886 0.065077491 -0.035886075 -0.003823815 0.048448008 -0.005909316 -0.010862235 0.998749137
1341846232.855850 0.062999099 -0.035784326 -0.006951082 0.050697416 -0.005148094 -0.011628702 0.998633087
1341846232.887989 0.060707416 -0.035170406 -0.008974809 0.051759820 -0.003981723 -0.012153896 0.998577654
1341846232.919822 0.061130755 -0.035577074 -0.008432340 0.052440207 -0.003592872 -0.012938617 0.998533785
1341846232.955993 0.058169715 -0.035050198 -0.008018883 0.053678367 -0.002892850 -0.013373544 0.998464525
1341846232.987965 0.057721183 -0.034311991 -0.010059571 0.053505976 -0.001975031 -0.013413888 0.998475492
1341846233.023868 0.057482000 -0.033777982 -0.010038339 0.052151471 -0.000207451 -0.013744269 0.998544574
1341846233.055880 0.056037840 -0.031386558 -0.007347697 0.051305689 0.001281472 -0.014027505 0.998583674
1341846233.087872 0.055865210 -0.034533419 -0.006418452 0.050088238 0.001454604 -0.014708420 0.998635411
1341846233.124060 0.051855013 -0.039455675 -0.007501469 0.050252087 0.001337060 -0.015715037 0.998612046
1341846233.155902 0.047376070 -0.044233344 -0.006701934 0.051772729 0.000698090 -0.016242372 0.998526573
1341846233.218177 0.060312260 -0.030913176 -0.007776994 0.057318643 -0.001734200 -0.016941668 0.998210669
1341846233.249926 0.061613433 -0.028210385 -0.009968395 0.056312259 -0.001845623 -0.018006003 0.998249114
1341846233.286015 0.061219044 -0.032151680 -0.006294250 0.054849457 -0.001577578 -0.019917369 0.998294711
1341846233.317870 0.058291614 -0.034508873 -0.002414476 0.055273999 0.000009902 -0.020004099 0.998270810
1341846233.349815 0.056939244 -0.038741063 -0.008231260 0.055366889 0.000642435 -0.019239521 0.998280466
1341846233.385857 0.058639731 -0.036602672 -0.005617625 0.055819262 -0.000301352 -0.018100942 0.998276770
1341846233.417990 0.055385068 -0.037006810 -0.002927850 0.055779114 -0.000444088 -0.017752582 0.998285174
1341846233.453822 0.052854948 -0.038078263 -0.001736612 0.056388605 -0.000877228 -0.017458316 0.998255849
1341846233.485912 0.052183442 -0.037843384 -0.007722197 0.057670500 -0.001577855 -0.018811598 0.998157144
1341846233.517954 0.053532556 -0.031689495 -0.008872274 0.058301169 -0.002688993 -0.019618213 0.998102665
1341846233.553882 0.056065261 -0.033204176 -0.003576456 0.058068618 -0.004232473 -0.019323710 0.998116553
1341846233.585968 0.054634694 -0.038973574 -0.007602678 0.058451578 -0.004765781 -0.019175505 0.998094678
1341846233.621898 0.061049439 -0.036197692 -0.007125066 0.059760414 -0.005570234 -0.018336920 0.998028755
1341846233.654396 0.061840799 -0.029632496 -0.005227171 0.060670279 -0.004630446 -0.019029342 0.997965693
1341846233.685848 0.059848543 -0.029121876 -0.007709932 0.059907164 -0.003379407 -0.020225067 0.997993290
1341846233.721879 0.057586327 -0.027474189 -0.007424514 0.059532456 -0.002583727 -0.019814434 0.998026311
1341846233.753961 0.054493520 -0.032543696 -0.006098039 0.058267903 -0.001902414 -0.019372314 0.998111188
1341846233.822009 0.057190631 -0.032387029 -0.007366169 0.056932721 -0.001024227 -0.018056627 0.998214185
1341846233.853971 0.056299884 -0.030955900 -0.004416403 0.056198943 -0.000869854 -0.017910700 0.998258531
1341846233.889920 0.056349933 -0.035544124 -0.004901780 0.054714900 -0.001105589 -0.018508246 0.998329878
1341846233.922045 0.060117647 -0.030561408 -0.002592045 0.054583803 -0.002320648 -0.018818554 0.998329163
1341846233.953967 0.061158355 -0.033215046 -0.002776791 0.053833988 -0.003312072 -0.018350372 0.998375773
1341846233.989945 0.057864603 -0.031697433 -0.004448943 0.053785432 -0.003898003 -0.018737102 0.998369098
1341846234.021936 0.058428843 -0.030395806 -0.006708162 0.052997775 -0.004569603 -0.018867299 0.998405933
1341846234.053904 0.065358728 -0.035272699 -0.002331311 0.051715478 -0.005426397 -0.018950472 0.998467267
1341846234.089899 0.063610628 -0.036303610 -0.003403232 0.051473245 -0.004567966 -0.019557893 0.998472393
1341846234.158063 0.065152459 -0.040089000 -0.000831683 0.050489765 -0.004630906 -0.018862527 0.998535693
1341846234.189961 0.066365108 -0.033944126 -0.000435302 0.052513085 -0.004549312 -0.018461207 0.998439193
1341846234.222130 0.065166414 -0.029909186 -0.002914128 0.052657422 -0.003757372 -0.018544609 0.998433352
1341846234.257875 0.069908746 -0.030649439 0.002094624 0.051158257 -0.004056763 -0.017540867 0.998528242
1341846234.289820 0.072521135 -0.035587747 0.002617059 0.050223622 -0.003675709 -0.017591923 0.998576283
1341846234.321998 0.072533496 -0.034857202 0.002468583 0.051284533 -0.002772791 -0.018624425 0.998506546
1341846234.357904 0.069888204 -0.033361219 0.002735748 0.051980697 -0.002454562 -0.019972241 0.998445332
1341846234.389919 0.070053682 -0.039116155 0.002349394 0.051568985 -0.003319911 -0.018296545 0.998496294
1341846234.425915 0.073884629 -0.036856804 0.003259639 0.053051259 -0.004525974 -0.016882589 0.998438776
1341846234.457800 0.074328668 -0.028132435 0.001593653 0.053905759 -0.004829646 -0.016994733 0.998389661
1341846234.490016 0.073773444 -0.027955862 0.002217766 0.051032342 -0.005304252 -0.017109007 0.998536348
1341846234.525867 0.078120284 -0.034000352 0.006370582 0.049277131 -0.005937416 -0.015932633 0.998640418
1341846234.557961 0.075457193 -0.031364881 0.004859520 0.049264647 -0.005639569 -0.015495150 0.998649597
1341846234.593900 0.074203432 -0.031636678 0.005358987 0.047602244 -0.006213387 -0.014056649 0.998748124
1341846234.658173 0.075368263 -0.033934202 0.006995521 0.046358693 -0.008500110 -0.011776120 0.998819232
1341846234.694104 0.078089915 -0.033247605 0.007870383 0.046159826 -0.010136377 -0.011222098 0.998819590
1341846234.725911 0.078347959 -0.036656719 0.007823715 0.046018619 -0.011631579 -0.009769839 0.998825073
1341846234.758643 0.080569237 -0.035399325 0.007923556 0.047216136 -0.012683663 -0.009838809 0.998755693
1341846234.793907 0.079412945 -0.031629689 0.006682720 0.046877809 -0.012448040 -0.010234170 0.998770595
1341846234.826106 0.078903578 -0.032993801 0.007829894 0.045875307 -0.012254667 -0.010526877 0.998816490
1341846234.862270 0.076760560 -0.035762150 0.010050383 0.045679327 -0.012217738 -0.009909566 0.998832285
1341846234.893971 0.072983183 -0.035056502 0.007558282 0.046775244 -0.012344839 -0.009744862 0.998781621
1341846234.926031 0.074848555 -0.031626452 0.008810463 0.047898192 -0.012656391 -0.010349657 0.998718381
1341846234.961979 0.070932232 -0.035031568 0.006725095 0.047897276 -0.012011824 -0.011639815 0.998712182
1341846234.994016 0.070375606 -0.033282079 0.004598113 0.048774824 -0.012535131 -0.012303491 0.998655379
1341846235.026311 0.071035802 -0.026376037 0.004905422 0.048419036 -0.013373920 -0.012741381 0.998656273
1341846235.061915 0.072713144 -0.028850093 0.003593551 0.046413720 -0.013427073 -0.013502270 0.998740792
1341846235.094075 0.066347770 -0.033814650 0.006339801 0.044939190 -0.012324602 -0.013821095 0.998818099
1341846235.130068 0.067873076 -0.035779655 0.006210173 0.045178071 -0.013135078 -0.013018339 0.998807788
1341846235.162449 0.065143988 -0.034159545 0.007263470 0.046594474 -0.013954143 -0.012539226 0.998737693
1341846235.193917 0.068813138 -0.036994461 0.004562346 0.046870925 -0.015039073 -0.012060578 0.998714924
1341846235.229939 0.066240743 -0.033954021 0.006808632 0.048350651 -0.013903856 -0.013136035 0.998647273
1341846235.261811 0.067348272 -0.034479782 0.006755168 0.048463196 -0.014480082 -0.013412802 0.998629928
1341846235.294134 0.072140783 -0.033800792 0.006706062 0.049580600 -0.015568276 -0.013838097 0.998552918
1341846235.329890 0.072391309 -0.031948872 0.004577312 0.049922071 -0.015518574 -0.014708567 0.998524249
1341846235.361974 0.074204974 -0.023837414 0.003480638 0.049294032 -0.015069410 -0.017118275 0.998523891
1341846235.398097 0.070317246 -0.025881628 0.006067780 0.046655677 -0.014334609 -0.019018905 0.998627067
1341846235.462163 0.071183838 -0.031946406 0.007551144 0.046018358 -0.014660894 -0.019438628 0.998643816
1341846235.498142 0.071734093 -0.025250098 0.006348714 0.046108719 -0.014604428 -0.020898383 0.998611033
1341846235.529989 0.073349431 -0.032334529 0.009136948 0.043973077 -0.015181598 -0.021547325 0.998684943
1341846235.561921 0.066744156 -0.034839597 0.008320150 0.044990361 -0.014581664 -0.022116166 0.998636127
1341846235.597951 0.064115755 -0.029530751 0.006126828 0.046013918 -0.014332937 -0.022981809 0.998573542
1341846235.630160 0.064684428 -0.029910171 0.006942080 0.044870436 -0.014874388 -0.023335714 0.998609483
1341846235.667679 0.067710258 -0.035251707 0.009999878 0.044865087 -0.015914906 -0.022358177 0.998616040
1341846235.705783 0.071164228 -0.034773134 0.007119735 0.046183698 -0.016719600 -0.022269627 0.998544753
1341846235.730392 0.068644769 -0.033917848 0.006057123 0.046632323 -0.016256081 -0.023700038 0.998498619
1341846235.766032 0.066009760 -0.037036601 0.008893965 0.047502019 -0.015914099 -0.024380032 0.998446763
1341846235.797942 0.068798468 -0.036480170 0.005503684 0.048678678 -0.016750153 -0.024371224 0.998376608
1341846235.833964 0.068614110 -0.035220243 0.005256180 0.049283914 -0.016564468 -0.024163797 0.998355031
1341846235.866037 0.071275070 -0.033379141 0.004489283 0.049707647 -0.017050343 -0.022722021 0.998359740
1341846235.898007 0.073980831 -0.035159420 0.005382547 0.049827825 -0.017299218 -0.021104217 0.998384953
1341846235.934106 0.070837058 -0.039276429 0.004321313 0.051073078 -0.016056105 -0.020354519 0.998358369
1341846235.965921 0.071837172 -0.032808881 0.004301304 0.053113110 -0.015235540 -0.020355968 0.998264730
1341846235.997897 0.073850766 -0.030926187 0.002446081 0.052955326 -0.014673058 -0.020190367 0.998284936
1341846236.034072 0.074057378 -0.033940647 0.005601261 0.053187303 -0.013798936 -0.020017184 0.998288572
1341846236.065823 0.069160715 -0.034839556 0.002155675 0.054204486 -0.012576708 -0.020000244 0.998250306
1341846236.101989 0.070051812 -0.025669806 0.001669088 0.054638918 -0.012833746 -0.020466721 0.998213887
1341846236.134258 0.072052293 -0.033070438 0.001762043 0.052923847 -0.013287337 -0.019825723 0.998313308
1341846236.166269 0.070387132 -0.031859647 0.001999792 0.053836830 -0.012949820 -0.019275995 0.998279691
1341846236.202022 0.074923068 -0.022796202 -0.000465331 0.054415450 -0.013164553 -0.020072820 0.998229802
1341846236.233893 0.071176015 -0.026380023 0.000576110 0.051854044 -0.012396064 -0.020226019 0.998372912
1341846236.265924 0.074537270 -0.031940520 0.000826739 0.050998408 -0.012819947 -0.019031910 0.998435080
1341846236.302018 0.073039107 -0.035142064 0.002617098 0.050973549 -0.012296357 -0.018593878 0.998451173
1341846236.333756 0.074391320 -0.029087812 -0.000279911 0.051870637 -0.012335954 -0.019260833 0.998391867
1341846236.369949 0.075103842 -0.029637206 0.002212400 0.051369172 -0.011884119 -0.019469021 0.998419225
1341846236.401964 0.073404595 -0.030301515 0.000487587 0.051168799 -0.010957714 -0.019457586 0.998440325
1341846236.433828 0.073216774 -0.033041950 0.000178281 0.051070623 -0.010668512 -0.020074770 0.998436272
1341846236.469948 0.073584318 -0.030362515 -0.000335596 0.052373338 -0.010187504 -0.020282468 0.998369634
1341846236.501946 0.075177349 -0.029503638 -0.001436948 0.052884974 -0.009819639 -0.019385302 0.998364151
1341846236.534764 0.074632719 -0.026256446 -0.001522985 0.052214514 -0.009179337 -0.018077001 0.998430073
1341846236.569956 0.074291356 -0.031103734 0.000720911 0.051331025 -0.008497053 -0.016006127 0.998517275
1341846236.601901 0.073215865 -0.029854741 -0.000627507 0.052407671 -0.008016936 -0.015352694 0.998475611
1341846236.637896 0.076342009 -0.024090696 -0.006163310 0.052103203 -0.007524618 -0.016146362 0.998482823
1341846236.669818 0.075978480 -0.028335273 -0.003620265 0.049308412 -0.006556620 -0.017089212 0.998615861
1341846236.702100 0.077076063 -0.038148437 0.000094148 0.047978144 -0.005406579 -0.017731689 0.998676360
1341846236.738521 0.052151550 -0.046767868 -0.002142469 0.051480323 -0.001561932 -0.019184325 0.998488486
1341846236.769905 0.057029109 -0.047374453 -0.001514383 0.061114442 -0.003438467 -0.014053194 0.998025894
1341846236.805999 0.074862890 -0.041798450 -0.003939495 0.063356258 -0.006945847 -0.012590352 0.997887373
1341846236.844067 0.078094743 -0.033878297 -0.002496430 0.064449474 -0.007183704 -0.013852966 0.997798979
1341846236.876573 0.081046343 -0.029623033 -0.007390234 0.063829951 -0.007225067 -0.015089179 0.997820556
1341846236.911899 0.076790325 -0.025394728 -0.005641975 0.061507210 -0.006642820 -0.016702468 0.997944772
1341846236.944484 0.077767357 -0.039798006 -0.003319143 0.059691492 -0.006986694 -0.016062684 0.998063147
1341846236.975811 0.073568039 -0.041310623 -0.003881507 0.061097868 -0.006502803 -0.014535869 0.998004794
1341846237.011848 0.080690995 -0.036986481 -0.004141757 0.061021332 -0.006872252 -0.014709610 0.998004436
1341846237.043850 0.078566685 -0.040931616 -0.004681112 0.059709225 -0.005377808 -0.016044807 0.998072386
1341846237.075882 0.073023535 -0.043643765 -0.003966491 0.060216054 -0.004700699 -0.014145968 0.998074114
1341846237.111887 0.076010764 -0.047668967 -0.004013937 0.062392365 -0.006303303 -0.012517768 0.997953296
1341846237.143863 0.080594502 -0.042500045 -0.006541140 0.065206937 -0.007398830 -0.011903895 0.997773349
1341846237.175838 0.079585724 -0.036426816 -0.008078160 0.065415904 -0.007507662 -0.011997243 0.997757733
1341846237.211847 0.078550041 -0.035096113 -0.006952734 0.063675515 -0.007091941 -0.011601774 0.997878015
1341846237.243895 0.074834771 -0.044384208 -0.005597344 0.063316151 -0.005377281 -0.010710641 0.997921586
1341846237.280228 0.077532507 -0.036296498 -0.009351559 0.065653667 -0.005685210 -0.010093363 0.997775257
1341846237.312079 0.076023810 -0.039408848 -0.007603452 0.064503476 -0.006345196 -0.009723530 0.997849941
1341846237.343828 0.074967772 -0.039264876 -0.005765625 0.065070130 -0.006224248 -0.008174119 0.997827828
1341846237.379983 0.077803992 -0.037155110 -0.005659448 0.064885855 -0.006359269 -0.008045538 0.997839987
1341846237.411962 0.076098591 -0.034621090 -0.007918769 0.063619018 -0.006102473 -0.008838141 0.997916460
1341846237.443790 0.073127240 -0.032307949 -0.006719013 0.062243219 -0.005614832 -0.010491651 0.997990131
1341846237.479911 0.077333190 -0.033313368 -0.007529482 0.060808979 -0.005281411 -0.012321448 0.998059392
1341846237.511862 0.074505970 -0.033541787 -0.005986025 0.059248671 -0.005222394 -0.012934223 0.998145819
1341846237.547914 0.071622767 -0.033156693 -0.005785981 0.057988726 -0.006696365 -0.012145208 0.998220921
1341846237.579956 0.072818018 -0.035775352 -0.006400884 0.057068169 -0.007596053 -0.011521867 0.998274922
1341846237.611852 0.072164334 -0.031983402 -0.004363123 0.056917384 -0.007948867 -0.011507034 0.998280942
1341846237.647976 0.072054312 -0.034975480 -0.004241424 0.055980843 -0.008518342 -0.011443823 0.998329937
1341846237.680417 0.074746773 -0.036957428 -0.006574034 0.055331226 -0.009525347 -0.010225739 0.998370290
1341846237.711902 0.070314094 -0.039848223 -0.005013517 0.055534158 -0.009733676 -0.009319872 0.998365879
1341846237.747860 0.068128094 -0.036927085 -0.005529325 0.057570223 -0.009707471 -0.009618894 0.998247921
1341846237.779848 0.070742510 -0.032200720 -0.006973829 0.058595795 -0.010504568 -0.009784269 0.998178601
1341846237.815934 0.067267068 -0.031469729 -0.009303442 0.057356007 -0.010957479 -0.009000370 0.998253107
1341846237.847966 0.071278535 -0.031844184 -0.008603166 0.056032341 -0.012771755 -0.007828022 0.998316586
1341846237.879781 0.070942149 -0.031155631 -0.008746035 0.055506166 -0.012837706 -0.008212609 0.998342037
1341846237.916026 0.072835885 -0.028506337 -0.008432720 0.054695792 -0.013669627 -0.008266530 0.998375297
1341846237.978064 0.073957816 -0.029341992 -0.005302444 0.053804636 -0.013906946 -0.008352207 0.998419702
1341846238.010069 0.070952535 -0.027369628 -0.008428509 0.053202279 -0.013365912 -0.009248768 0.998451471
1341846238.045995 0.071629792 -0.026999619 -0.007652289 0.051889159 -0.013505405 -0.008982322 0.998521149
1341846238.077963 0.069762357 -0.029731844 -0.004584917 0.050496295 -0.013388420 -0.009108830 0.998592973
1341846238.109791 0.070685424 -0.032951482 -0.003814328 0.049999375 -0.013384794 -0.009076051 0.998618364
1341846238.145837 0.071986616 -0.033674922 -0.004950595 0.051431220 -0.013262484 -0.009501587 0.998543262
1341846238.177943 0.070076145 -0.027842605 -0.007030872 0.052550789 -0.012227306 -0.010120000 0.998492122
1341846238.209943 0.072735094 -0.027281852 -0.005477515 0.050855435 -0.012527374 -0.011077219 0.998566031
1341846238.246227 0.069545880 -0.031374954 -0.005273340 0.050034430 -0.011854241 -0.011172360 0.998614669
1341846238.278227 0.068131045 -0.035354678 -0.006566029 0.049931739 -0.011523123 -0.011222349 0.998623073
1341846238.345918 0.072598688 -0.034384631 -0.004443956 0.049828477 -0.011179988 -0.013756688 0.998600483
1341846238.377978 0.072383143 -0.037600618 -0.004912584 0.050465848 -0.011583702 -0.013060222 0.998573244
1341846238.413879 0.068693064 -0.034868963 -0.004964189 0.051984075 -0.011839123 -0.012864684 0.998494864
1341846238.445979 0.072094269 -0.031195238 -0.004636392 0.052652601 -0.012377485 -0.014141589 0.998436034
1341846238.478188 0.069794439 -0.032562997 -0.004581044 0.052007418 -0.011589214 -0.014788591 0.998469949
1341846238.515328 0.069613189 -0.034909822 -0.003951671 0.052244131 -0.011809919 -0.014979268 0.998452187
1341846238.545906 0.068341978 -0.035794206 -0.005566806 0.053196907 -0.012087991 -0.015207074 0.998395085
1341846238.587827 0.068968371 -0.036118105 -0.004236490 0.053733423 -0.011978944 -0.015385585 0.998364925
1341846238.645944 0.072530560 -0.027538616 -0.003861647 0.053437691 -0.011646802 -0.015680468 0.998380125
1341846238.681933 0.071427308 -0.037618060 -0.005558000 0.051353339 -0.011670972 -0.014982511 0.998499930
1341846238.713917 0.071236707 -0.035011932 -0.004771474 0.052570585 -0.011723288 -0.013960025 0.998450816
1341846238.745925 0.072364718 -0.031980064 -0.004578767 0.053573787 -0.012054560 -0.013030523 0.998406112
1341846238.781932 0.072874159 -0.032529410 -0.005054132 0.052340738 -0.012582446 -0.013806059 0.998454571
1341846238.813869 0.076337442 -0.031532984 -0.005859512 0.051589247 -0.012433764 -0.014511894 0.998485506
1341846238.849931 0.071967475 -0.030874886 -0.002526301 0.050607581 -0.011523462 -0.014955151 0.998540163
1341846238.881927 0.068569489 -0.041850317 -0.004539301 0.049698249 -0.011995359 -0.014234607 0.998590767
1341846238.914000 0.048698347 -0.045691423 -0.004235473 0.051545512 -0.011039574 -0.014137479 0.998509526
1341846238.949903 0.048520003 -0.046810590 -0.005894583 0.054890454 -0.012342482 -0.013053709 0.998330772
1341846239.017941 0.053753346 -0.036237851 -0.002910028 0.058853038 -0.012854839 -0.016799008 0.998042524
1341846239.050041 0.068562143 -0.037642520 -0.004073244 0.058759075 -0.014490720 -0.015852017 0.998041153
1341846239.081902 0.049148023 -0.038171891 -0.005176768 0.059102044 -0.011798091 -0.019299854 0.997995615
1341846239.117866 0.071670331 -0.039205726 -0.004523022 0.059773568 -0.014886045 -0.017915910 0.997940183
1341846239.149976 0.071461797 -0.042411819 -0.007333125 0.059815232 -0.014244793 -0.019349042 0.997920275
1341846239.181897 0.066882558 -0.038114358 -0.010022277 0.059597902 -0.013329131 -0.019257117 0.997947693
1341846239.217929 0.070281856 -0.037964419 -0.009156598 0.057771966 -0.014224796 -0.019311590 0.998041630
1341846239.250009 0.068131059 -0.039242871 -0.009174651 0.056439105 -0.013284598 -0.019400727 0.998129129
1341846239.285917 0.070345014 -0.028551361 -0.001290471 0.056863807 -0.012864559 -0.018769989 0.998122633
1341846239.318442 0.072855100 -0.027968591 -0.002866040 0.055587951 -0.012631522 -0.018242907 0.998207211
1341846239.349930 0.070817471 -0.030904699 -0.002573573 0.053821787 -0.011844719 -0.017513005 0.998326719
1341846239.386011 0.070405498 -0.032893147 -0.001528524 0.053595554 -0.011294222 -0.016570609 0.998361349
1341846239.417983 0.068722025 -0.033112261 -0.001047467 0.053592656 -0.011169715 -0.016612215 0.998362243
1341846239.450112 0.068663135 -0.028599255 -0.001791296 0.053447552 -0.011110650 -0.016496036 0.998372555
1341846239.485973 0.069253899 -0.025569893 -0.000922180 0.052932467 -0.010928455 -0.015815040 0.998413026
1341846239.517913 0.069107160 -0.035741255 -0.003187836 0.050489530 -0.010706625 -0.016285677 0.998534381
1341846239.553979 0.068151005 -0.033359475 -0.004454213 0.049889963 -0.010372972 -0.015747583 0.998576701
1341846239.585911 0.069903225 -0.027053194 -0.000686251 0.049603015 -0.010531793 -0.014146704 0.998613298
1341846239.617967 0.070075944 -0.029468196 0.001876301 0.049592417 -0.010462954 -0.013397235 0.998624861
1341846239.653941 0.069738053 -0.029694373 0.002700228 0.050430838 -0.010616730 -0.012609622 0.998591542
1341846239.685852 0.071111001 -0.028260950 0.001574463 0.050823100 -0.011021420 -0.012257846 0.998571634
1341846239.717923 0.068797916 -0.026536688 0.002393177 0.050590791 -0.011308138 -0.011845522 0.998585224
1341846239.753857 0.071164407 -0.030534526 0.001753156 0.050116554 -0.011652944 -0.011797721 0.998605728
1341846239.785918 0.067835376 -0.027269438 0.000924123 0.049762711 -0.011291627 -0.011723159 0.998628438
1341846239.821950 0.066616029 -0.036195174 0.003150381 0.048343390 -0.011691801 -0.011779367 0.998692930
1341846239.854023 0.046962712 -0.036328278 0.003737014 0.049616415 -0.009134014 -0.013672946 0.998632967
1341846239.891801 0.068684496 -0.037033841 -0.005930886 0.049531963 -0.012222504 -0.012780083 0.998615980
1341846239.953963 0.067386694 -0.045184162 -0.004351522 0.047817081 -0.011826707 -0.013518009 0.998694658
1341846239.985997 0.066725269 -0.043166954 -0.006919372 0.048508294 -0.012146175 -0.014045010 0.998650193
1341846240.022055 0.071539983 -0.039270934 -0.004772638 0.049131393 -0.013176315 -0.015575480 0.998583913
1341846240.053998 0.069081709 -0.044861607 -0.003345139 0.049027622 -0.012596821 -0.015774077 0.998593390
1341846240.089841 0.068893626 -0.044597760 -0.003739258 0.050256006 -0.012683731 -0.016229562 0.998523951
1341846240.121795 0.068079725 -0.042812772 -0.001375816 0.051097639 -0.013077985 -0.016794119 0.998466790
1341846240.159862 0.069183789 -0.044715889 -0.001981472 0.052519087 -0.012881450 -0.017419649 0.998384893
1341846240.195884 0.068679191 -0.043573584 -0.004702666 0.053416006 -0.012361028 -0.017776946 0.998337567
1341846240.227927 0.068700537 -0.043401212 -0.007217706 0.053477421 -0.012550399 -0.017746707 0.998332441
1341846240.290031 0.069334075 -0.043461155 -0.006228403 0.054822750 -0.012976501 -0.016564580 0.998274386
1341846240.322206 0.066769615 -0.036923636 -0.001322140 0.055110477 -0.013323470 -0.015787248 0.998266518
1341846240.357948 0.067675084 -0.036245663 0.000124549 0.054295663 -0.014044655 -0.014464903 0.998321354
1341846240.422212 0.063982561 -0.041167542 -0.003375113 0.056065403 -0.013374035 -0.016608430 0.998199344
1341846240.458143 0.066161066 -0.038308069 -0.002685989 0.056516640 -0.014115606 -0.016838975 0.998159826
1341846240.490243 0.062537536 -0.037984461 -0.001828237 0.056333918 -0.014567680 -0.017077781 0.998159647
1341846240.525976 0.063360840 -0.043755256 -0.001382754 0.056173269 -0.015207101 -0.017779674 0.998146892
1341846240.557894 0.054466419 -0.038672898 -0.000999388 0.058165573 -0.013870645 -0.019947302 0.998011291
1341846240.590418 0.055752408 -0.039220154 -0.002275508 0.058184929 -0.014394538 -0.019657178 0.998008490
1341846240.626172 0.056146454 -0.040065903 0.000040137 0.058425061 -0.015009708 -0.019820414 0.997982144
1341846240.657964 0.055594355 -0.042462945 -0.001163620 0.058428079 -0.015454006 -0.020438006 0.997962713
1341846240.689825 0.055876922 -0.039901182 -0.002227365 0.059852935 -0.015567902 -0.021127231 0.997862160
1341846240.725903 0.052775063 -0.038783953 -0.007852735 0.059728779 -0.015211619 -0.021109473 0.997875512
1341846240.757973 0.053085979 -0.042528730 -0.002452241 0.059429765 -0.015790287 -0.021116069 0.997884214
1341846240.794024 0.057797514 -0.045337576 0.001057896 0.060389992 -0.016951714 -0.020262005 0.997825205
1341846240.826068 0.058656465 -0.043293908 -0.000399193 0.061207075 -0.016970556 -0.020468423 0.997770905
1341846240.858147 0.059872963 -0.035927970 -0.002977525 0.061625719 -0.016841948 -0.020622438 0.997744083
1341846240.894038 0.058633622 -0.041602552 -0.003322860 0.059731022 -0.016741479 -0.020873463 0.997855783
1341846240.925975 0.068142697 -0.034902919 -0.002038831 0.060279686 -0.017942877 -0.019785555 0.997824132
1341846240.958080 0.037406683 -0.042758964 -0.009686511 0.058573887 -0.012367288 -0.021029904 0.997984946
1341846240.994099 0.059419774 -0.037743792 -0.006389279 0.059314154 -0.016862066 -0.020708103 0.997882068
1341846241.026041 0.087933786 -0.040173121 0.005579554 0.059736468 -0.021613270 -0.019176144 0.997795880
1341846241.062449 0.089362204 -0.034790643 0.003414131 0.061349001 -0.021595638 -0.019378508 0.997694552
1341846241.094372 0.089545704 -0.031030085 0.003754511 0.060854148 -0.021314709 -0.019836864 0.997721851
1341846241.126068 0.090701774 -0.034684412 0.007716469 0.059701558 -0.021597134 -0.020313589 0.997775853
1341846241.167863 0.088090181 -0.037597027 0.004534383 0.060500458 -0.021167705 -0.020486601 0.997733355
1341846241.230127 0.064139329 -0.041858394 -0.003323720 0.059724376 -0.017219076 -0.022716692 0.997807801
1341846241.261868 0.056242496 -0.043127526 -0.009110220 0.059892166 -0.016267680 -0.022758894 0.997812808
1341846241.295211 0.047160551 -0.043787546 -0.026459659 0.059586819 -0.015826194 -0.024040271 0.997808099
1341846241.329804 0.058687270 -0.040674686 -0.012558439 0.059477828 -0.016826067 -0.025136955 0.997771204
1341846241.362000 0.062410340 -0.041343559 -0.007649727 0.059027065 -0.016678985 -0.025258729 0.997797370
1341846241.394012 0.060927238 -0.042484246 -0.006540761 0.058808710 -0.016477810 -0.025251275 0.997813821
1341846241.430126 0.062262367 -0.041307013 -0.006624790 0.059420057 -0.016842488 -0.025576558 0.997763216
1341846241.462018 0.065713890 -0.038699590 -0.001946040 0.059809063 -0.017013242 -0.025480373 0.997739553
1341846241.497907 0.062641971 -0.041243237 -0.007673088 0.059382048 -0.016649703 -0.025679255 0.997766078
1341846241.529930 0.069507137 -0.042041935 -0.005495504 0.059159067 -0.017660832 -0.025523564 0.997765899
1341846241.562493 0.063170858 -0.039780047 -0.008426167 0.058983676 -0.016973073 -0.026047416 0.997774720
1341846241.598412 0.064827614 -0.040660013 -0.008150016 0.059301253 -0.017188558 -0.026019119 0.997752964
1341846241.629998 0.064689338 -0.040652242 -0.008788337 0.059404995 -0.016962908 -0.025947917 0.997752488
1341846241.662234 0.063575260 -0.039792929 -0.009703650 0.059667695 -0.016828764 -0.025806071 0.997742772
1341846241.698098 0.063440427 -0.039630704 -0.010313791 0.060056228 -0.016609631 -0.025788888 0.997723579
1341846241.729805 0.064089254 -0.038996611 -0.010845634 0.059961751 -0.016794994 -0.025912918 0.997722983
1341846241.765805 0.063972466 -0.039215129 -0.009686141 0.059875600 -0.016758166 -0.025916193 0.997728646
1341846241.797970 0.062176805 -0.040600404 -0.009349332 0.060187593 -0.016458761 -0.026583018 0.997697294
1341846241.830240 0.062141441 -0.040592585 -0.011386060 0.060333744 -0.016314343 -0.026820654 0.997684479
1341846241.865867 0.062670387 -0.040599283 -0.010204772 0.060244847 -0.016550673 -0.027099900 0.997678399
1341846241.898156 0.061709132 -0.040671639 -0.008977860 0.060373966 -0.016373396 -0.026871247 0.997679710
1341846241.929917 0.066379115 -0.037071832 -0.011059722 0.061466027 -0.016917719 -0.026392430 0.997616708
1341846241.965882 0.063825905 -0.034061670 -0.014259920 0.061299969 -0.016331041 -0.026681678 0.997629046
1341846241.998017 0.062146399 -0.034876809 -0.010706564 0.061113570 -0.016268423 -0.026429683 0.997648180
1341846242.034019 0.064829901 -0.032884844 -0.014357304 0.061771527 -0.016550943 -0.025668176 0.997622907
1341846242.066365 0.068542123 -0.040663164 -0.018631192 0.061374225 -0.016665863 -0.027221672 0.997604370
1341846242.097916 0.065123931 -0.041506428 -0.007846887 0.062578052 -0.016737748 -0.026506210 0.997547626
1341846242.133980 0.047166895 -0.040178500 0.000720277 0.063821591 -0.014771155 -0.027150311 0.997482598
1341846242.165895 0.016716607 -0.034202952 -0.002942804 0.065788656 -0.010184629 -0.032031167 0.997267306
1341846242.197924 0.063695490 -0.043974999 -0.016776636 0.064210400 -0.015788998 -0.028239107 0.997411788
1341846242.234487 0.064034373 -0.039666880 -0.010355020 0.065650322 -0.016297257 -0.026723949 0.997351646
1341846242.269588 0.056952965 -0.040457111 -0.012966855 0.066848122 -0.014893924 -0.027968373 0.997259915
1341846242.301972 0.066327281 -0.037993819 -0.013680105 0.066140644 -0.015892264 -0.027676651 0.997299790
1341846242.333996 0.061483696 -0.040936567 -0.009897343 0.066019446 -0.015294733 -0.027597813 0.997319341
1341846242.366000 0.062767297 -0.038241450 -0.012005454 0.067262210 -0.015172136 -0.026968526 0.997255385
1341846242.401903 0.059957214 -0.040663190 -0.011923615 0.067029923 -0.015069637 -0.027464274 0.997259021
1341846242.433933 0.064494781 -0.043313466 -0.012342511 0.066750497 -0.015524467 -0.027655078 0.997265518
1341846242.469883 0.055129491 -0.041297816 -0.010461764 0.068155639 -0.014085395 -0.028248295 0.997175217
1341846242.501972 0.062018730 -0.036558077 -0.014151110 0.068909004 -0.014923725 -0.027738517 0.997125566
1341846242.534063 0.063232981 -0.034406655 -0.013026385 0.068626583 -0.015342922 -0.028695744 0.997111619
1341846242.569931 0.063313648 -0.036920451 -0.012728065 0.068083264 -0.014891219 -0.028556645 0.997159660
1341846242.602000 0.063012697 -0.034652382 -0.014338521 0.068460636 -0.014702881 -0.028042207 0.997151256
1341846242.634077 0.064253308 -0.033618852 -0.017242147 0.067673363 -0.014943080 -0.028044235 0.997201324
1341846242.670215 0.065164365 -0.035295073 -0.017084558 0.066861369 -0.014921746 -0.028185600 0.997252464
1341846242.701929 0.065076575 -0.034825370 -0.016252987 0.066643149 -0.014900154 -0.028100042 0.997269809
1341846242.737996 0.065511979 -0.036150776 -0.017108608 0.065987237 -0.015443471 -0.028060501 0.997306287
1341846242.769937 0.066487700 -0.035211500 -0.015684588 0.066914037 -0.015712447 -0.028226489 0.997235596
1341846242.808080 0.067485005 -0.033963781 -0.018250048 0.067425936 -0.015720168 -0.028868586 0.997182667
1341846242.869936 0.065788999 -0.034479931 -0.017008126 0.065894805 -0.015761176 -0.029422341 0.997268140
1341846242.902131 0.065498196 -0.034455236 -0.016451288 0.065983437 -0.015545432 -0.029725401 0.997256696
1341846242.938061 0.064798385 -0.034724299 -0.017126815 0.066362239 -0.015771506 -0.029821334 0.997225106
1341846242.969969 0.065500215 -0.034916818 -0.016132917 0.067131780 -0.016512126 -0.029977351 0.997156978
1341846243.005810 0.065641291 -0.033793245 -0.017968141 0.067871071 -0.016854150 -0.029772367 0.997107387
1341846243.038095 0.065330088 -0.033636708 -0.017778711 0.067704253 -0.017341837 -0.029464802 0.997119486
1341846243.070041 0.067101873 -0.031734973 -0.021314275 0.066880666 -0.017900115 -0.029565815 0.997162163
1341846243.106059 0.065738805 -0.033855859 -0.018428823 0.065614395 -0.017737895 -0.030738743 0.997213721
1341846243.137899 0.064014524 -0.033619255 -0.018897843 0.066029146 -0.017148063 -0.030161278 0.997214258
1341846243.169985 0.065044560 -0.033454102 -0.018739548 0.066109985 -0.017497603 -0.029866155 0.997211754
1341846243.206007 0.066603050 -0.032786589 -0.019899620 0.065994121 -0.017479751 -0.030797189 0.997191429
1341846243.237999 0.062366460 -0.032483891 -0.021130759 0.065281101 -0.016421968 -0.031290408 0.997241020
1341846243.274026 0.062451340 -0.033769403 -0.020491216 0.064828701 -0.016060743 -0.031917684 0.997256517
1341846243.305879 0.061973825 -0.034935001 -0.019011453 0.065475665 -0.015908165 -0.032309677 0.997204065
1341846243.338022 0.062695421 -0.034171291 -0.022819176 0.066389769 -0.015990041 -0.032707248 0.997129321
1341846243.374348 0.062040381 -0.033671394 -0.022160735 0.067326881 -0.016024891 -0.032143068 0.997084260
1341846243.405837 0.064719096 -0.034056365 -0.023071665 0.067612022 -0.017068220 -0.031844318 0.997057259
1341846243.442193 0.063797802 -0.032263510 -0.024839930 0.068061449 -0.017058795 -0.032014363 0.997021437
1341846243.473902 0.065050222 -0.033375546 -0.023096859 0.068155184 -0.017127348 -0.032174420 0.997008681
1341846243.505839 0.064024650 -0.032580376 -0.023798604 0.068245955 -0.017345976 -0.031508978 0.997019947
1341846243.542001 0.062820636 -0.031056404 -0.026854767 0.068100363 -0.017191293 -0.031917546 0.997019589
1341846243.574058 0.063417062 -0.031898528 -0.025978770 0.067908004 -0.016820362 -0.031662855 0.997047126
1341846243.605841 0.062509641 -0.032415509 -0.022840891 0.068304256 -0.016172161 -0.031693965 0.997029841
1341846243.642015 0.063451245 -0.031500850 -0.023042470 0.069185138 -0.016287748 -0.031300485 0.996979654
1341846243.673926 0.064414531 -0.032056671 -0.024422389 0.068801500 -0.016513139 -0.031267222 0.997003496
1341846243.710095 0.063275672 -0.033017334 -0.023441177 0.068938360 -0.015948292 -0.031307604 0.997001946
1341846243.741951 0.063745774 -0.030974429 -0.024714258 0.069290034 -0.016464658 -0.031392563 0.996966541
1341846243.774067 0.063574389 -0.032619510 -0.026682358 0.068226084 -0.016662849 -0.032098539 0.997014165
1341846243.809881 0.061802641 -0.031178409 -0.024744259 0.068059556 -0.016038520 -0.031978138 0.997039616
1341846243.841971 0.062818311 -0.032175794 -0.021559410 0.068516620 -0.016270658 -0.031357788 0.997024298
1341846243.874062 0.065517031 -0.034978293 -0.021991596 0.068877220 -0.017008459 -0.030777000 0.997005224
1341846243.910022 0.065704070 -0.034774359 -0.023953630 0.069437414 -0.016961338 -0.032062873 0.996926606
1341846243.978045 0.064851426 -0.033153616 -0.028693467 0.069416411 -0.015664017 -0.031787761 0.996958137
1341846244.009892 0.064397179 -0.032680657 -0.024446204 0.068681411 -0.015376254 -0.031953219 0.997008204
1341846244.042105 0.064066403 -0.034913246 -0.022776235 0.069477372 -0.014973525 -0.030859904 0.996993661
1341846244.077884 0.064619616 -0.033223864 -0.022495041 0.070509858 -0.014987355 -0.030296657 0.996938229
1341846244.115904 0.065710515 -0.032088470 -0.023818003 0.069988951 -0.015264947 -0.030045703 0.996978343
1341846244.151850 0.065871321 -0.034170512 -0.022805965 0.069085985 -0.015063106 -0.029597616 0.997057736
1341846244.184334 0.066729411 -0.033093046 -0.023366528 0.070163570 -0.014992866 -0.029384321 0.996989846
1341846244.215953 0.064896695 -0.032046065 -0.025183976 0.070219040 -0.014719498 -0.028766308 0.997008085
1341846244.251877 0.064137913 -0.032148626 -0.022797085 0.069585301 -0.014640061 -0.029260261 0.997039318
1341846244.283880 0.064398408 -0.033586599 -0.022425359 0.070260003 -0.014750847 -0.029303547 0.996989131
1341846244.316068 0.062451772 -0.030609734 -0.023199812 0.071324170 -0.014671440 -0.029777784 0.996900618
1341846244.351999 0.063946150 -0.032824200 -0.022314062 0.070787162 -0.015260587 -0.029340766 0.996942997
1341846244.384040 0.066398829 -0.033831764 -0.021713056 0.070882067 -0.016091315 -0.028476225 0.996948302
1341846244.419869 0.066424988 -0.032560159 -0.024920003 0.071255960 -0.016265344 -0.028561620 0.996916413
1341846244.451888 0.068188563 -0.031813812 -0.025860218 0.070721731 -0.015840983 -0.028849017 0.996952951
1341846244.483871 0.065834053 -0.032594256 -0.024784781 0.069542959 -0.014813197 -0.029559592 0.997030854
1341846244.519923 0.064455107 -0.033637777 -0.023146825 0.069530442 -0.013867869 -0.029472444 0.997047961
1341846244.551942 0.065124005 -0.034335021 -0.023340633 0.070282549 -0.013281110 -0.028732887 0.997024775
1341846244.583892 0.065579176 -0.033074401 -0.024487216 0.070879690 -0.012747363 -0.026864745 0.997041583
1341846244.619870 0.067264646 -0.033584863 -0.024433156 0.070716545 -0.012849708 -0.024987565 0.997100651
1341846244.651850 0.070533141 -0.034677189 -0.021964261 0.071053766 -0.012999123 -0.024110138 0.997096360
1341846244.683815 0.071713440 -0.033760052 -0.024901688 0.071902238 -0.013098409 -0.023010023 0.997060180
1341846244.719873 0.073810540 -0.034195550 -0.026958546 0.071742080 -0.012784143 -0.022850944 0.997079432
1341846244.751827 0.071922362 -0.035342671 -0.026278090 0.071243145 -0.011803909 -0.023502488 0.997112155
1341846244.788300 0.071752615 -0.036145590 -0.023383565 0.071959309 -0.011309437 -0.023788378 0.997059703
1341846244.820099 0.074050017 -0.036500659 -0.025033776 0.072664723 -0.010928589 -0.024227504 0.997002184
1341846244.851973 0.082873896 -0.047399275 -0.023313953 0.073315553 -0.011345971 -0.022563221 0.996988952
1341846244.887873 0.081550375 -0.039771259 -0.024433427 0.075951234 -0.009834541 -0.023032308 0.996796966
1341846244.920072 0.077336758 -0.040248491 -0.026615791 0.075990476 -0.007968934 -0.023202386 0.996806681
1341846244.952621 0.087394737 -0.043938994 -0.020712784 0.076552898 -0.008425974 -0.021819266 0.996791124
1341846244.987985 0.088972025 -0.040566847 -0.022385966 0.077695630 -0.008324551 -0.019863589 0.996744454
1341846245.020060 0.092182949 -0.037330173 -0.021839242 0.077245697 -0.008535909 -0.018518392 0.996803522
1341846245.051869 0.093236201 -0.037982032 -0.023673039 0.075548530 -0.007974747 -0.019846713 0.996912718
1341846245.088236 0.088552609 -0.038852293 -0.019760072 0.074361496 -0.006506634 -0.020290708 0.997003675
1341846245.119935 0.083583020 -0.040646914 -0.021161873 0.073437735 -0.005385477 -0.021278368 0.997058213
1341846245.151835 0.083355047 -0.040997509 -0.022828881 0.073591232 -0.005285458 -0.021666029 0.997039080
1341846245.187889 0.088366903 -0.042769164 -0.017903412 0.074408494 -0.005774299 -0.020958077 0.996990860
1341846245.219842 0.086923018 -0.036778942 -0.015149066 0.075191163 -0.005529156 -0.020565517 0.996941686
1341846245.256030 0.085835353 -0.038302131 -0.018030792 0.074248843 -0.005294223 -0.021220557 0.996999860
1341846245.287962 0.087839134 -0.041369330 -0.015756894 0.073753409 -0.005367587 -0.021786809 0.997024059
1341846245.319885 0.091319099 -0.043100011 -0.016030300 0.073501170 -0.005766225 -0.022524642 0.997024059
1341846245.355859 0.091754526 -0.039699383 -0.010482364 0.073942877 -0.006251001 -0.022373118 0.996991873
1341846245.387919 0.093100615 -0.042923573 -0.014314760 0.073368102 -0.006768106 -0.023054333 0.997015476
1341846245.423977 0.088132128 -0.042310037 -0.014710970 0.073790304 -0.005876488 -0.024196696 0.996962905
1341846245.455822 0.086956218 -0.043448366 -0.015896227 0.074142739 -0.005501996 -0.025068061 0.996917367
1341846245.487804 0.085078694 -0.041687865 -0.015500358 0.074700221 -0.005364899 -0.024957050 0.996879280
1341846245.523916 0.083592266 -0.039585855 -0.017041273 0.074983910 -0.005197371 -0.025009615 0.996857524
1341846245.555797 0.088816315 -0.041914515 -0.015375834 0.074611977 -0.005773069 -0.024363322 0.996898293
1341846245.591988 0.084537253 -0.044526216 -0.013479520 0.075024016 -0.005161297 -0.024851104 0.996858656
1341846245.623837 0.088251643 -0.044586312 -0.012006279 0.076279968 -0.006145683 -0.023054073 0.996800959
1341846245.655890 0.088757180 -0.041314568 -0.015123338 0.076956689 -0.005938607 -0.022926111 0.996753156
1341846245.692060 0.078741699 -0.038307492 -0.018207796 0.076422460 -0.003757108 -0.025466569 0.996743143
1341846245.724517 0.076147251 -0.040428162 -0.016205261 0.076365188 -0.003144945 -0.025727849 0.996742964
1341846245.760068 0.076913022 -0.041411139 -0.015197913 0.077412210 -0.003228426 -0.024685519 0.996688306
1341846245.791914 0.071998075 -0.035739101 -0.016245501 0.078289561 -0.002327885 -0.024928657 0.996616185
1341846245.824142 0.078605339 -0.038524635 -0.017611705 0.077530056 -0.002519501 -0.024231553 0.996692300
1341846245.860005 0.071415193 -0.035912670 -0.016846772 0.077416345 -0.001218862 -0.024158763 0.996705353
1341846245.891878 0.075125284 -0.037571408 -0.019353280 0.076196089 -0.001588628 -0.023834931 0.996806622
1341846245.927903 0.073901057 -0.039409686 -0.016818006 0.076488696 -0.000627670 -0.025208723 0.996751487
1341846245.986182 0.073449560 -0.040641207 -0.013877753 0.077206038 -0.000775229 -0.023860903 0.996729314
1341846246.022057 0.072415464 -0.041638494 -0.013190906 0.077631541 -0.000808688 -0.024462776 0.996681631
1341846246.053871 0.071420662 -0.040430177 -0.009862453 0.079020441 -0.000759844 -0.024970181 0.996559978
1341846246.085916 0.067651726 -0.041615844 -0.009305574 0.080408610 -0.001197543 -0.023837052 0.996476233
1341846246.121806 0.067889787 -0.039461683 -0.009219782 0.081313230 -0.002569656 -0.023766659 0.996401906
1341846246.153949 0.069932401 -0.043491811 -0.012004465 0.081612349 -0.002994223 -0.025786629 0.996326029
1341846246.222002 0.068626739 -0.037328321 -0.013336567 0.082509600 -0.002687512 -0.027961381 0.996194303
1341846246.253984 0.070578091 -0.040211529 -0.006562161 0.082353801 -0.003091550 -0.029611595 0.996158361
1341846246.289808 0.070213325 -0.043297127 -0.009392836 0.083059020 -0.002535500 -0.030139918 0.996085525
1341846246.322001 0.070511132 -0.036997590 -0.013089781 0.083197534 -0.001494243 -0.030843023 0.996054530
1341846246.353946 0.070907153 -0.036421638 -0.013083061 0.081651233 -0.000654769 -0.032307945 0.996136963
1341846246.389885 0.067786962 -0.037587028 -0.012751391 0.080369331 0.000686196 -0.032692879 0.996228576
1341846246.421855 0.068779945 -0.039142337 -0.008379978 0.080598541 0.000837872 -0.031029293 0.996263146
1341846246.457915 0.066491485 -0.034287114 -0.014421539 0.080407165 0.001157353 -0.028926952 0.996341586
1341846246.489829 0.068908140 -0.033184722 -0.015748743 0.079451710 0.001820635 -0.027541433 0.996456504
1341846246.521912 0.068373598 -0.033198442 -0.016752070 0.078267224 0.003692187 -0.027373094 0.996549726
1341846246.558038 0.069447026 -0.037644800 -0.013644487 0.077060871 0.004996434 -0.027501225 0.996634543
1341846246.589826 0.067808293 -0.037200693 -0.010684697 0.077729210 0.005858342 -0.026814559 0.996596634
1341846246.622033 0.067499295 -0.036411308 -0.011939535 0.078025959 0.005574338 -0.024025530 0.996646225
1341846246.658046 0.070412777 -0.036514908 -0.014035493 0.077531658 0.004756848 -0.022642925 0.996721387
1341846246.689939 0.069342971 -0.037511699 -0.011091586 0.077008344 0.004414494 -0.023733960 0.996738136
1341846246.725903 0.069669038 -0.036587965 -0.011367690 0.076994300 0.003964691 -0.023922481 0.996736646
1341846246.757894 0.070254996 -0.036502644 -0.013749101 0.076241918 0.003712719 -0.024257906 0.996787310
1341846246.789989 0.069087140 -0.036851350 -0.010076039 0.075650014 0.003900253 -0.025385616 0.996803641
1341846246.826059 0.069021329 -0.038188089 -0.007726970 0.075523920 0.003566619 -0.025298199 0.996816635
1341846246.857869 0.068662606 -0.039160021 -0.006666201 0.076447539 0.003258542 -0.025520975 0.996741593
1341846246.893944 0.068828769 -0.036231812 -0.012479799 0.076645307 0.002723030 -0.024905076 0.996743619
1341846246.925896 0.070070460 -0.036715847 -0.013173738 0.075929120 0.001968510 -0.024642870 0.996806741
1341846246.958090 0.070218146 -0.038080331 -0.013935269 0.075800933 0.002046679 -0.024981633 0.996807873
1341846246.993936 0.070849121 -0.036774401 -0.013435737 0.075754374 0.001629058 -0.024677712 0.996819794
1341846247.026204 0.070926584 -0.038119271 -0.010979433 0.075679883 0.001419217 -0.026902588 0.996768177
1341846247.057936 0.067677446 -0.038836129 -0.007841205 0.076520868 0.001678659 -0.027537810 0.996686220
1341846247.093899 0.069856636 -0.040097818 -0.009091930 0.077247865 0.000998329 -0.027058247 0.996644199
1341846247.126028 0.069670878 -0.037157480 -0.010051423 0.077399656 0.000298458 -0.026545623 0.996646643
1341846247.162093 0.071038872 -0.043647051 -0.003641383 0.077529006 -0.000034027 -0.026044138 0.996649861
1341846247.194072 0.079060994 -0.045524541 -0.004858994 0.080255181 -0.000040220 -0.023637600 0.996494055
1341846247.225977 0.071361981 -0.040932935 -0.004411223 0.082105532 0.001136935 -0.022098934 0.996377945
1341846247.261953 0.080154516 -0.055058707 -0.009116532 0.083076231 0.000463231 -0.022041572 0.996299267
1341846247.293957 0.074732818 -0.048258375 -0.002131081 0.088588051 0.002390659 -0.022918744 0.995801806
1341846247.325987 0.072402380 -0.038820904 -0.007817073 0.090562984 0.002132240 -0.021836536 0.995648980
1341846247.361940 0.072314017 -0.036164880 -0.010979811 0.088765003 0.000886933 -0.021582792 0.995818317
1341846247.430187 0.073740356 -0.028763285 0.000441593 0.085546002 -0.000026242 -0.021984683 0.996091604
1341846247.462223 0.072113506 -0.040578056 -0.000932550 0.083393663 -0.000752478 -0.023467638 0.996240079
1341846247.493952 0.076742634 -0.039509974 -0.002180698 0.083819263 -0.001536074 -0.024164779 0.996186733
1341846247.530027 0.073790506 -0.042429652 0.000380547 0.084303230 -0.001043973 -0.024439238 0.996139884
1341846247.562209 0.077416293 -0.046468809 -0.002850185 0.086117998 -0.001159071 -0.022895141 0.996021152
1341846247.594166 0.074743137 -0.036600269 0.002826698 0.088712730 -0.001267807 -0.021399140 0.995826542
1341846247.630035 0.073159739 -0.028528921 0.004545208 0.088225670 -0.001997449 -0.021331979 0.995870054
1341846247.662701 0.077440314 -0.036010236 0.006742598 0.086410873 -0.002705958 -0.020836635 0.996038020
1341846247.697913 0.073890746 -0.036081623 0.006965129 0.087306090 -0.001685955 -0.019192707 0.995995164
1341846247.730051 0.076254904 -0.038345627 0.000673286 0.085582063 -0.002923532 -0.017918698 0.996165693
1341846247.762180 0.084104486 -0.046492431 0.003291408 0.085474245 -0.004328204 -0.016724195 0.996190608
1341846247.798768 0.085901521 -0.043286875 -0.000398041 0.087718107 -0.004186054 -0.014896175 0.996025145
1341846247.830259 0.088622943 -0.035669386 -0.003604465 0.087337501 -0.004757989 -0.013584612 0.996074796
1341846247.865875 0.091136560 -0.044350598 0.000181687 0.084592886 -0.004821411 -0.014528513 0.996298015
1341846247.898157 0.089056298 -0.046857242 0.006232018 0.086827561 -0.003266352 -0.014368288 0.996114373
1341846247.930002 0.080735758 -0.037624076 -0.000658479 0.088697165 -0.003948804 -0.013202612 0.995963335
1341846247.966006 0.091279954 -0.039913412 0.002422414 0.087451279 -0.007220293 -0.012641288 0.996062458
1341846247.998062 0.097690836 -0.044928044 0.006159095 0.089222297 -0.007758416 -0.011605874 0.995913863
1341846248.030615 0.091073595 -0.036510993 0.007814256 0.091637567 -0.006338393 -0.012648656 0.995691895
1341846248.065891 0.089293823 -0.030363582 0.005275846 0.090890050 -0.006083071 -0.012553143 0.995763242
1341846248.098211 0.098575413 -0.035272628 0.009765204 0.089623764 -0.006139499 -0.013486457 0.995865464
1341846248.133929 0.093913890 -0.039774947 0.001540777 0.090633444 -0.001711832 -0.016349249 0.995748639
1341846248.166050 0.090046264 -0.028389759 0.004820302 0.091099255 0.000988093 -0.017975625 0.995679080
1341846248.198024 0.086934924 -0.036071196 0.009027666 0.089247458 0.001013711 -0.018140644 0.995843768
1341846248.233930 0.091394246 -0.045224201 0.009412860 0.090241574 0.000829448 -0.018965805 0.995738983
1341846248.265968 0.089750782 -0.033171222 0.007466237 0.091965519 0.001741495 -0.020205176 0.995555639
1341846248.297927 0.087368548 -0.035272337 0.009501336 0.089354560 0.001696231 -0.022712559 0.995739460
1341846248.333956 0.085922733 -0.043190219 0.011488877 0.088925667 0.001399786 -0.025285544 0.995716274
1341846248.366013 0.086365253 -0.041699629 0.010333935 0.090706944 0.001370311 -0.025203329 0.995557725
1341846248.402093 0.084784903 -0.035239767 0.013086313 0.091112569 0.000624149 -0.024247792 0.995545149
1341846248.433862 0.087212540 -0.042491268 0.006076856 0.090266891 0.000249902 -0.025005637 0.995603621
1341846248.466804 0.088458449 -0.036564544 0.009725597 0.092019364 0.001355510 -0.025835292 0.995421112
1341846248.502139 0.080363259 -0.030253416 0.007635041 0.090582348 0.001950963 -0.026393585 0.995537221
1341846248.534215 0.080283664 -0.041468035 0.012515021 0.087264255 -0.000130780 -0.025676923 0.995854199
1341846248.565971 0.091575786 -0.042728998 0.013940251 0.089149222 -0.001659770 -0.025041465 0.995702028
1341846248.602003 0.089434229 -0.032554597 0.010881566 0.089168735 -0.000204399 -0.026096698 0.995674551
1341846248.640295 0.088120781 -0.043385729 0.015691712 0.086948358 0.000124494 -0.026682686 0.995855391
1341846248.675831 0.090034299 -0.047469977 0.013036197 0.089137569 0.000438123 -0.025563391 0.995691121
1341846248.708095 0.089707382 -0.039506141 0.009838946 0.091427073 0.001409368 -0.025557293 0.995482743
1341846248.740085 0.086626954 -0.043011919 0.012010843 0.090457827 0.001542477 -0.025723435 0.995566845
1341846248.802167 0.085344188 -0.039590657 0.015091644 0.093583293 0.001103795 -0.026306959 0.995263219
1341846248.833950 0.084986500 -0.044890545 0.011997876 0.092535369 0.001020133 -0.026478997 0.995356739
1341846248.869901 0.084730662 -0.051694699 0.011759388 0.093099087 0.000756676 -0.026096558 0.995314538
1341846248.901932 0.088596828 -0.047560982 0.011123878 0.095324725 0.000569717 -0.025443276 0.995120823
1341846248.938035 0.083964087 -0.042562719 0.015048226 0.095588326 0.001143701 -0.025445303 0.995095015
1341846248.969908 0.087607168 -0.042332932 0.016328186 0.094779484 -0.000008256 -0.025795834 0.995164037
1341846249.001964 0.088273406 -0.044671707 0.015894834 0.094130553 -0.000027495 -0.025952231 0.995221555
1341846249.037998 0.085545093 -0.037701845 0.015149046 0.094969526 0.000240680 -0.025218509 0.995160699
1341846249.069961 0.084712394 -0.037561994 0.019237807 0.093561918 -0.000675782 -0.024399037 0.995314240
1341846249.105888 0.092614688 -0.043827288 0.015026627 0.092592262 -0.001055378 -0.024106586 0.995411694
1341846249.138041 0.088588886 -0.039294090 0.019610014 0.093555436 0.000599982 -0.024419131 0.995314360
1341846249.169904 0.088303559 -0.044043008 0.017401332 0.092725478 0.000593879 -0.023114329 0.995423198
1341846249.206013 0.094865434 -0.045391053 0.017041087 0.094069868 0.000367978 -0.022178147 0.995318472
1341846249.237872 0.093233891 -0.037601203 0.015705120 0.094952382 0.001895871 -0.021772498 0.995241880
1341846249.306095 0.093806654 -0.048238050 0.017029185 0.093112722 0.002357989 -0.022626001 0.995395660
1341846249.337853 0.093727842 -0.038578816 0.016105905 0.095157221 0.003759210 -0.022347096 0.995204270
1341846249.373854 0.094183527 -0.040414721 0.015462937 0.093311772 0.003907897 -0.022769241 0.995368898
1341846249.405928 0.095786475 -0.045403760 0.017572165 0.091939062 0.004927858 -0.023984633 0.995463550
1341846249.437945 0.096452065 -0.041004583 0.018711317 0.093472607 0.006366711 -0.024061112 0.995310724
1341846249.474182 0.095531873 -0.033355944 0.019869709 0.093749709 0.006548366 -0.023974758 0.995285571
1341846249.505956 0.097283743 -0.037575983 0.022497963 0.092035040 0.006204665 -0.023784587 0.995452344
1341846249.538288 0.097411230 -0.038795196 0.023455797 0.091812454 0.006584565 -0.024327302 0.995457351
1341846249.574263 0.093988836 -0.038036548 0.021841668 0.091274060 0.007051989 -0.024194134 0.995506883
1341846249.606015 0.096149787 -0.035547160 0.026048258 0.090333380 0.005605275 -0.021452168 0.995664716
1341846249.641995 0.092635162 -0.039528485 0.023540635 0.089947507 0.004841974 -0.019896319 0.995736003
1341846249.674108 0.098780468 -0.032774292 0.019252283 0.089502536 0.002970970 -0.017532086 0.995827854
1341846249.706034 0.096903756 -0.034780424 0.022421321 0.086539298 0.002178408 -0.017378924 0.996094465
1341846249.742012 0.093355641 -0.039141931 0.026959933 0.085981570 0.001337120 -0.016910419 0.996152282
1341846249.773906 0.090965085 -0.037277862 0.024824817 0.086717077 -0.000596225 -0.013729166 0.996138215
1341846249.806093 0.091692969 -0.033647910 0.023264112 0.086126536 -0.003576400 -0.011624131 0.996209979
1341846249.842148 0.094568543 -0.032725394 0.024119478 0.085555464 -0.005670912 -0.009999982 0.996267080
1341846249.873923 0.090683080 -0.033683639 0.021777624 0.085210934 -0.007425663 -0.008121161 0.996302187
1341846249.909991 0.093279295 -0.028567193 0.025224045 0.085716449 -0.011326374 -0.005734466 0.996238708
1341846249.942024 0.094091542 -0.030445978 0.026380289 0.085171424 -0.014178036 -0.003761879 0.996258318
1341846249.974199 0.097577475 -0.025370196 0.023633458 0.086218633 -0.015960054 -0.004637486 0.996137619
1341846250.010384 0.095837370 -0.026025109 0.023561755 0.085701317 -0.017010774 -0.004721494 0.996164441
1341846250.042022 0.100521699 -0.028005511 0.025468722 0.085750163 -0.019800965 -0.003136151 0.996114969
1341846250.078047 0.109451421 -0.028086275 0.018137485 0.087270737 -0.020604543 -0.002172929 0.995969176
1341846250.109945 0.109990723 -0.013044180 0.017148027 0.088582851 -0.019078279 -0.003024345 0.995881498
1341846250.141849 0.113697894 -0.016811328 0.020588206 0.086237907 -0.018184548 -0.003173966 0.996103525
1341846250.177803 0.123203248 -0.022393961 0.013525593 0.085859388 -0.016650761 -0.003451108 0.996162117
1341846250.210137 0.124341600 -0.014597248 0.012441519 0.086996183 -0.012941261 -0.003864431 0.996117055
1341846250.241903 0.123311199 -0.012391572 0.014343991 0.086427286 -0.010428909 -0.006786227 0.996180475
1341846250.277878 0.121199407 -0.007286557 0.021061447 0.086359143 -0.008776129 -0.009026229 0.996184528
1341846250.309873 0.116302580 -0.010429367 0.019925388 0.085363477 -0.007886350 -0.009893742 0.996269584
1341846250.346142 0.119995490 -0.011831783 0.020529963 0.085267097 -0.008741093 -0.009966391 0.996269941
1341846250.377944 0.120462157 -0.011587897 0.021594999 0.085926488 -0.008903109 -0.009473469 0.996216655
1341846250.410038 0.118179917 -0.011101021 0.021911807 0.086635917 -0.008703218 -0.009396674 0.996157706
1341846250.445984 0.118462972 -0.013595332 0.018003330 0.087428994 -0.008695770 -0.010583721 0.996076584
1341846250.477872 0.115145482 -0.009219458 0.020383734 0.087328956 -0.008581401 -0.010366761 0.996088624
1341846250.509930 0.112237990 -0.013763279 0.023825394 0.086632974 -0.010213333 -0.009232803 0.996145129
1341846250.546119 0.116714098 -0.010055867 0.021724245 0.087702423 -0.011866505 -0.008941900 0.996035874
1341846250.577998 0.119244888 -0.006509674 0.022611596 0.086823776 -0.011457776 -0.009317208 0.996114254
1341846250.613828 0.115693256 -0.011618862 0.025192941 0.084802061 -0.010865765 -0.008721724 0.996300399
1341846250.646114 0.116933249 -0.011986286 0.023124179 0.085140981 -0.011371672 -0.006045472 0.996285677
1341846250.677812 0.118246682 -0.008942497 0.018670009 0.085075349 -0.011210686 -0.004050707 0.996303201
1341846250.713958 0.118432157 -0.006529672 0.021652922 0.083892025 -0.010184879 -0.003942189 0.996415019
1341846250.745904 0.116154626 -0.006369920 0.027701262 0.083103187 -0.009733037 -0.001704392 0.996491969
1341846250.777886 0.113855481 -0.001962485 0.025621742 0.083133794 -0.011308436 0.000301396 0.996474147
1341846250.814024 0.118868880 -0.006003937 0.021442082 0.081845745 -0.012616595 0.000727608 0.996564925
1341846250.846025 0.119355574 -0.002213250 0.021879151 0.080904037 -0.012207139 -0.000564480 0.996647000
1341846250.881824 0.117636330 -0.012098225 0.027357178 0.080182374 -0.012295865 -0.000505944 0.996704221
1341846250.913808 0.119799212 -0.009824088 0.021957599 0.082512118 -0.012521376 0.000118065 0.996511400
1341846250.946118 0.120577566 -0.015648192 0.021617096 0.082380988 -0.011890738 -0.000068080 0.996529937
1341846250.981803 0.117519885 -0.012864691 0.027688792 0.083847158 -0.011436293 -0.001054849 0.996412456
1341846251.014047 0.113675192 -0.013685105 0.022512974 0.083606929 -0.012396388 -0.002308022 0.996419013
1341846251.046033 0.119572096 -0.015056731 0.021591205 0.084112324 -0.013839243 -0.002969095 0.996355772
1341846251.081959 0.120352291 -0.017210528 0.021396786 0.085478917 -0.013360065 -0.003361663 0.996244729
1341846251.114058 0.124246307 -0.018275712 0.023119627 0.087170735 -0.013220125 -0.003540155 0.996099353
1341846251.149920 0.123962700 -0.016440274 0.018088983 0.088679969 -0.012922562 -0.004071005 0.995968044
1341846251.181983 0.124965005 -0.018652536 0.018588038 0.089031354 -0.011909951 -0.005418280 0.995942891
1341846251.214205 0.116561867 -0.016605208 0.018195778 0.090357490 -0.011048314 -0.006026552 0.995829880
1341846251.249978 0.111357361 -0.017374508 0.020039745 0.090380952 -0.012531181 -0.005294187 0.995814383
1341846251.281923 0.114160851 -0.017482063 0.019592263 0.091224410 -0.014311773 -0.005497818 0.995712340
1341846251.318026 0.114246912 -0.014681009 0.017894085 0.091051176 -0.015556982 -0.005669006 0.995708525
1341846251.350003 0.111023374 -0.013651383 0.013525423 0.088889576 -0.017383635 -0.006225669 0.995870352
1341846251.382003 0.110877246 -0.021943705 0.017507520 0.088376373 -0.019567771 -0.005810299 0.995877981
1341846251.417971 0.111799955 -0.008304747 0.015707266 0.089752719 -0.020420993 -0.006502216 0.995733500
1341846251.449878 0.105985664 -0.004515676 0.020999521 0.087489247 -0.020525467 -0.008127539 0.995920837
1341846251.481872 0.106719807 -0.008076729 0.021688918 0.084778532 -0.022464447 -0.008173409 0.996113002
1341846251.517870 0.102817431 -0.005648365 0.020358764 0.083699130 -0.023629963 -0.007783785 0.996180475
1341846251.549884 0.107278951 -0.006103243 0.020015622 0.081816465 -0.024515081 -0.007601564 0.996316850
1341846251.586071 0.107473843 -0.011132156 0.025945427 0.080708042 -0.024171313 -0.007016586 0.996419966
1341846251.618241 0.106101297 -0.009880723 0.026389137 0.081609406 -0.024777342 -0.005465921 0.996341348
1341846251.649917 0.111253679 -0.010950331 0.022876468 0.082274459 -0.024644079 -0.005114672 0.996291816
1341846251.686034 0.115745947 -0.008375112 0.021188857 0.083054483 -0.022865973 -0.006632248 0.996260583
1341846251.718103 0.107892416 -0.009628034 0.022445427 0.082933970 -0.020887641 -0.007954757 0.996304393
1341846251.749907 0.106436625 -0.011471304 0.028164152 0.083359100 -0.021290367 -0.006379196 0.996271729
